105.38027244991371845 31.1478304403225934
105.37929596963334689 31.14655777012507087
105.378177040338187 31.14669371973940315
105.37678922993904962 31.13928051998004776
105.37692637025583053 31.13821723983380707
105.37896264041359018 31.13416649998401908
105.37891659962144786 31.13411920014101497
105.37902603991989281 31.13404037006705494
105.38123327029921938 31.13234563004681377
105.38206693014478788 31.13048860016880326
105.38522270966041106 31.12811700969228923
105.38525131979264415 31.12814518005609443
105.38477327976312381 31.12033657986933122
105.38617463035495803 31.11422176012615637
105.39001934991313192 31.1119611801643714
105.39416665986351518 31.10863273980913846
105.39513900955768122 31.10566263971907119
105.39449209033773514 31.10359073032799415
105.39468114042233537 31.10203795998393161
105.40099481016244454 31.09342614020425799
105.40162903994831822 31.092861929834271
105.40494522973864377 31.0913522100365185
105.40707020002975014 31.08681868983074992
105.40806677026529314 31.08402073976537849
105.40720469993704 31.0820364198449397
105.4065163903192115 31.07566771968959074
105.40748985966934015 31.07436513983935811
105.41305778998508913 31.07383249027725469
105.41546666995094483 31.07572110974149382
105.41906816966036331 31.07774319039594957
105.42368806974866402 31.07954927997536743
105.42578398024653552 31.07715079976964034
105.4286864504194341 31.07296152025799074
105.43379214988789272 31.06909996988775902
105.45223776036442587 31.06273282016354642
105.45405180984323579 31.06257493968178096
105.45416062960941872 31.06269537958814908
105.45413590005182414 31.06271199006636152
105.45428551036809495 31.06287705972857793
105.45455358028357296 31.06315940008630605
105.45509741021737682 31.0637321702035365
105.45669584004104991 31.06451225024022733
105.45886075012356287 31.06527224032168988
105.46034105039922224 31.06547468041225102
105.46203013008647531 31.06545960957339503
105.46383414043327775 31.06534475985284871
105.46878654955969523 31.06541716966671629
105.46880689042569657 31.06541946023992296
105.46880993013422767 31.06539948000204276
105.47489012957589694 31.06079672998515662
105.47656471039312009 31.05909408042754194
105.47684936020988289 31.05857085036450371
105.47672434994882451 31.05591069981898045
105.47673577043951809 31.05343789963939116
105.47781987978368079 31.04772067017285053
105.47957583036031792 31.04537489023903163
105.48264881019451877 31.04144006041053672
105.48560732971458265 31.03836061984679873
105.48637925020227613 31.03783003962468001
105.48731585004651379 31.03789466041030209
105.49045936011145841 31.04035323961039694
105.49551129990663867 31.04045471011681911
105.49637130988810441 31.04025001002997897
105.50195270035692374 31.03854085028007148
105.50268173037761699 31.03789948976969981
105.5031829801105232 31.02884711999865885
105.50911341994844861 31.02850925010187666
105.51409496980704716 31.02833161960859343
105.51657327024031474 31.02940195043970562
105.52716462015115439 31.02894362984471854
105.53354140970833441 31.02844063003112751
105.53571116983465572 31.0269678498864323
105.53981705970960547 31.0205977503859458
105.54254081031018586 31.01635631019559014
105.54289302978958176 31.01552080044461945
105.55098400990419805 31.0132840300340149
105.55639314962422759 31.012841589667687
105.56067448014317733 31.01327835980850978
105.56194502973937688 31.01159689018436438
105.56415472965710478 31.00465490010361691
105.5668787401617692 30.99712458972805962
105.56932042020127938 30.99185722992729097
105.57220375999560247 30.98902727029235393
105.57936444001694554 30.98686112993726738
105.5817222501817696 30.98789122959664155
105.58261190001923069 30.98867288974213352
105.5883538698352595 30.98375625025079216
105.5907303796033716 30.98126144995597997
105.59153033016065137 30.9759695602470515
105.60045897030528295 30.97450565011570234
105.6071459297409092 30.98061501007470042
105.60864992985045774 30.97958492030790012
105.61079550001238658 30.97870510006038103
105.61445058043000245 30.97872586990303034
105.61559098013970015 30.97734695020164963
105.61746862967356719 30.97548621961340132
105.61854377997150323 30.97562001984806557
105.62048283971137153 30.97670687032587011
105.62571530042083623 30.97245422997877995
105.63159044993938096 30.9653219901177863
105.63959493955485414 30.95357649975568393
105.64014818988709976 30.94881909962180089
105.64325860040412408 30.94573295011559821
105.64393309014008082 30.94524573969920311
105.64948186039958955 30.94541557037234725
105.65480162009873766 30.94578298030035057
105.6558323798604988 30.94483036982575186
105.6568693800179517 30.9430700602351294
105.65728219042080127 30.92998118958030318
105.65322390975569533 30.92671086971091654
105.65475474023912739 30.92267125987081045
105.65908258009704923 30.91989489982984196
105.66351999964831521 30.92033016990149008
105.66698258018197976 30.92229514990128791
105.67621444024428001 30.92942342015476243
105.67732536017729217 30.93090299018092537
105.67853064956989328 30.93251571023188262
105.6787264202881147 30.93357040994652607
105.67511674034534508 30.93464611962275512
105.67488879008567437 30.93502774963099
105.67468065998451721 30.93715474969201296
105.67671272041576458 30.93848157976117363
105.67973189021461167 30.93936901996437427
105.68618252040704419 30.93754036999212076
105.68859998979775128 30.93484010968336406
105.68759181021391669 30.93147305963407234
105.68714157002750653 30.93051886005741835
105.6888299797198556 30.92803901009227729
105.69439232974229981 30.92264122970902918
105.69611029025776361 30.92301965992942314
105.69849996969787753 30.92286121017673395
105.69900777009257808 30.9221159896612221
105.70047551043649037 30.91793862976402352
105.70106539015569069 30.91416340981356825
105.700770409826589 30.91229967998629036
105.71157608976477604 30.91018455996953662
105.71598663037872257 30.90941085972343672
105.71787463021007625 30.91054016989295405
105.72055825036301258 30.91136595977127399
105.72442427036384061 30.91088320999222105
105.72817842999063487 30.90762194000058116
105.72905954975846043 30.90591949998497512
105.72951934973826837 30.90344077956837054
105.73300053994302061 30.89811843971426697
105.73467378976363307 30.89662676031679212
105.73581398982383917 30.89631581971934793
105.73794153037738397 30.89470825008572774
105.73875386999515058 30.89201320044890053
105.73893782991694934 30.88606045022964963
105.73895768964570152 30.88541756986501241
105.73492805958233021 30.88162029044411838
105.72929925955327235 30.88055736013410524
105.72604774990378473 30.87994324008849389
105.72568353976362232 30.87943382001481041
105.72580712999513253 30.87828037024291916
105.7273476200966229 30.87330374956843571
105.7284387603405662 30.8707630703594873
105.74174666987295268 30.85352638973114381
105.74958155004856053 30.85570584005250794
105.75134650014092585 30.85640118956331435
105.75216286962080403 30.85598872000349502
105.75425840959798052 30.85348759028011045
105.75481919984628121 30.852268980129395
105.75498749987326619 30.85190323034987614
105.75532556042634269 30.85116857956631975
105.75535701961081259 30.85110023019154823
105.75565757034064518 30.8504470795691077
105.7572808502310977 30.84229319997126595
105.76075648982020994 30.83845216043891924
105.76202882007402195 30.8370459696957937
105.76592941990685404 30.83297765979119731
105.76937998999460433 30.82950244018553576
105.76950976036721386 30.82941937970065283
105.77426070966407678 30.82637810006929158
105.77485041041813929 30.82600057996285159
105.7764384099047561 30.82663543028093045
105.77713880011560832 30.82691541981080263
105.77742377998350776 30.82683717969212012
105.77917976023780966 30.82635509001545415
105.78068876957109978 30.82594076965085605
105.7807480600749841 30.82557000974821904
105.7810244397261954 30.82384162968753571
105.78122407033464469 30.82259315035366853
105.78151975033625831 30.82074399044284974
105.78156264979651269 30.82047566961648499
105.78077182016340885 30.81847478957990916
105.77950683017616029 30.81814812973243534
105.77923149014122828 30.81780313001047489
105.7791471400285559 30.81629998965286177
105.77911420955319954 30.81571308039440282
105.77909744978751405 30.81541448029406638
105.7808371801917815 30.81414118956428183
105.78542212992743998 30.81103062975978446
105.78745201040203483 30.80965338999197911
105.78897522003046561 30.8096307198818522
105.78999911976364956 30.80946761973490311
105.79056880970284737 30.8093768700465489
105.7936170599793968 30.80889126042336557
105.79367131967569549 30.8084406101460786
105.79394444018385002 30.80617219978722687
105.79308520991457954 30.80186373042687364
105.78710933003162609 30.79131834036917326
105.78568063015700318 30.79012001982312086
105.78269354996740503 30.78761446003937863
105.7823203196271038 30.78730138984730047
105.78085260986011917 30.78744308972687804
105.77989716022580069 30.78810394034462661
105.77932529032995035 30.78849947027435974
105.77789025023491831 30.78725686980874343
105.77619483032719927 30.78484220000757432
105.77606638015936369 30.78457043028117823
105.77619641043605725 30.78421930977339116
105.77827255023805719 30.77861263036862738
105.78182383989837945 30.77209146994545108
105.78620771021769542 30.76563795023128023
105.78930649969527167 30.76266055034415103
105.78885314965322095 30.76110595977229423
105.78387818013396782 30.75904217035991906
105.7812474104396756 30.75809764029389726
105.7794354797636629 30.75744705993389516
105.77877230979430578 30.75592147969257439
105.77878386967989854 30.75253346015114175
105.77930993980191943 30.75130256975785414
105.78096725993117388 30.74779731999035448
105.78205648012249185 30.74584880028197631
105.78254583991861182 30.7449733498402793
105.78290135001736871 30.74500043022572981
105.7855578403221557 30.74520275969967997
105.7881388703126504 30.7404413395962024
105.78918417031326271 30.73718791978672016
105.78858795037365326 30.73454827018656488
105.78797553993928204 30.72991617978789236
105.78811129979669658 30.72857277971007761
105.78964514031105182 30.71339188003128129
105.78979680018221643 30.71287816029888518
105.79012620026401237 30.71176240021463855
105.79405874041862035 30.71031613028526408
105.79556170001251303 30.70985125992774556
105.79762133006039448 30.70921418019031535
105.79847656014521817 30.70841057029161902
105.79851032968804248 30.70822483960472482
105.79720029985401197 30.70522499983394482
105.79753431975314015 30.70335787956253171
105.79834366013187719 30.70036178007217131
105.80028874982599518 30.6984434802824353
105.80003136025914046 30.69770439044532395
105.79945005017975745 30.69603515969492946
105.79898106992050089 30.69468842043431778
105.79792887032118642 30.6916667900903235
105.79657166025396009 30.69107986014745393
105.79590233982116843 30.69106515982929295
105.79466163962302971 30.6910378896869247
105.79331978997640817 30.69022761041594549
105.79718697999521737 30.68093897975018081
105.79855554040591414 30.67274575031615313
105.80033577987239823 30.66932667988243111
105.80193060970992747 30.66775681972148959
105.80309134039310948 30.66696223002293209
105.80416094996792253 30.66623000021439793
105.80536937979309187 30.66445320964794519
105.80984920957342865 30.65569342980796819
105.81001420998785534 30.65500293034102697
105.81048784963462595 30.65302065997553882
105.81030508041516214 30.65161682006026922
105.80828644956005746 30.64823457956225639
105.80672688034132989 30.64675188978793585
105.80402463972541227 30.64528969016714655
105.80195659022450627 30.641531200304712
105.80195393992244135 30.64120852984984822
105.80502532975521035 30.63293106002043942
105.80631898023682425 30.62944419959018205
105.81066325970175512 30.62647042037366418
105.81316400001867351 30.6247584403498081
105.81692549991197438 30.62557529996018957
105.81948782040666401 30.6257500903944333
105.82018151966144615 30.62526932991568174
105.82022763959395206 30.62523736980881495
105.82111992984096105 30.62340491030840894
105.8215078299224956 30.6203239301053145
105.82030610993911068 30.61774038021439992
105.81990135026717326 30.61121545972571312
105.81994448984636392 30.61078968019961621
105.82011540959854301 30.60910276967712207
105.82066190961950269 30.60370843010002773
105.82104819991457134 30.60343710014211638
105.82237003964564792 30.60351613975808505
105.82409254983139135 30.60318929015369349
105.82838194996708125 30.59947816038885549
105.83444920996311112 30.58738727010648972
105.83477080033225093 30.58674631968693802
105.83492636955634225 30.5860039796999672
105.83515239976350131 30.58492537960262325
105.83511741973319431 30.58084473010023885
105.83679750979729306 30.57991752997008916
105.83770854011709162 30.58001190032899785
105.84171030019024329 30.58184133001344662
105.84395297015350934 30.58125441985566795
105.84730165964396065 30.57856384974189723
105.85119548038716175 30.57373915963455602
105.85128316968257423 30.57363049994768289
105.85133072043646507 30.56928748043293353
105.85704330040806553 30.56692403961278615
105.86078364015293118 30.5664556798857916
105.86484080026275478 30.56580360035593458
105.86542425972186265 30.56559658001822299
105.86605592014467447 30.56537245007854153
105.87104670963799435 30.56360142956236814
105.87114931958547004 30.56340647992516324
105.87219597036778396 30.56141797006330307
105.87348734016865137 30.557622199704781
105.87378660037137479 30.55674254043594829
105.87464505992164732 30.55199072958856732
105.87453407009132889 30.54827396017515184
105.87206667034064367 30.54760389960034672
105.87100701985815476 30.54731612014290931
105.86935181043776311 30.5454785102251094
105.8685136701698184 30.54381021027302268
105.86817122002582892 30.54198398037647166
105.86858807018336393 30.54082494041870177
105.86918351041072128 30.5387907800704852
105.86905791019444223 30.53735631014563978
105.86898467030636084 30.53651991995837989
105.86675963964569291 30.53345584970776372
105.86558614038813175 30.53259020997023754
105.86408624028780423 30.53148375966782169
105.86370212005687108 30.53065729979459775
105.86223206036135025 30.52749419979755885
105.86170349012405723 30.52635682990381838
105.85961480028288406 30.51843809963861531
105.85521872976062241 30.51563685985325947
105.84465010032192822 30.51011936981313966
105.84324253991132991 30.50895877043097926
105.84276063009906466 30.50718277036861537
105.84071396018117639 30.49963948997054786
105.84327483996196406 30.49395157030875225
105.8439112398119164 30.4925379799438474
105.84396613982556801 30.49241603996830463
105.85540736975434584 30.48649623011698395
105.85583540028358129 30.48658002984456061
105.85743407022624751 30.48745922955987453
105.85842504038339484 30.48849988006548983
105.85847187977350359 30.48957439993864682
105.85867550966707995 30.49424585006596544
105.8585423398571379 30.49537910016539399
105.85848938957371956 30.49582963982606998
105.85869069022322719 30.49908004960462904
105.85898543043333575 30.49951115041932326
105.86164213028013137 30.49991564029460278
105.86373174012777554 30.50023375028740702
105.86530962044270154 30.50047393042757449
105.86596419019525683 30.50043112989277461
105.8795980599026052 30.49953904019457696
105.88220719010979565 30.49748218995114257
105.88306115035186394 30.49639773976394963
105.88494901978151574 30.49224487020467222
105.8859404899616834 30.49006371027206796
105.88644586038822126 30.48764314001897446
105.8840935001150001 30.48113120034469148
105.88399818007201247 30.48086729968616737
105.88357482961475853 30.47969525013576231
105.88306115035186394 30.47827309013104014
105.88065786956508418 30.47587218984972424
105.8797444596391415 30.47589542023752074
105.87854943960502396 30.47592579034301252
105.87289456013587596 30.47379855016299643
105.87105462007474443 30.47235427043329992
105.87121933000815943 30.4714555896038064
105.87991255012417469 30.46305129018492153
105.88106870955334671 30.46193339960677804
105.88182893975380239 30.46157394957816678
105.88271820018485414 30.46153514023455955
105.88308473956914213 30.46146659031091986
105.88374753991706712 30.46183085980641181
105.88436315013933608 30.46213288992100843
105.88454897975168478 30.46222405959269963
105.88460004955271643 30.46231122997932061
105.88596955964749213 30.46536946992512185
105.88614528987329777 30.46549717995094397
105.89041979993385212 30.46678294967341571
105.89115055035767909 30.46656606017558033
105.89636620993269389 30.46501793033326067
105.89937757991145872 30.46335165025851666
105.90318433009281307 30.46445179991070518
105.90706806044266841 30.46557405040215372
105.91196330955915528 30.46698839979484319
105.91872189999577358 30.46948409041846162
105.92007370963403901 30.47018317031711376
105.92285488014863404 30.47401361043984025
105.92310167030592538 30.47512202036500639
105.92271540968846466 30.47639194043574662
105.92226406963118279 30.47787576965112066
105.92083183991752549 30.48120060012763588
105.92035105965373987 30.48172049010855744
105.91889699979674333 30.48329282970036047
105.91889535044015247 30.48367940957712108
105.9188857303922191 30.48594304993184778
105.91888283997116105 30.48662336997261946
105.91948220034333872 30.49019755007691401
105.91951847989400903 30.49041386041136548
105.92513818957587546 30.49150000042470765
105.9262350504072856 30.49116152978081118
105.92852927040956956 30.48957841001566749
105.92867015999996738 30.4890971297288047
105.92840317017021334 30.48874473038506494
105.92743798987140735 30.48858625994796512
105.92532545000955224 30.48877909977568379
105.92397719988792915 30.48890215041393503
105.92363808982605633 30.48861322971680465
105.92365531993709737 30.48755019958207413
105.92461134963411951 30.48481924001595189
105.92607727964281139 30.48217912007038422
105.92683174968556159 30.48217376011098168
105.92924102984972023 30.48315653024974381
105.92990105039319815 30.48373445977756546
105.93046510967712948 30.48569090970778461
105.9362830002602891 30.48730472962961358
105.93669081043259439 30.48741784995388571
105.93874894041135803 30.48561687032236023
105.93957573033571862 30.48489335044780546
105.94130772027511966 30.4825503404259166
105.94169199968609973 30.48186259018643796
105.94379586019084627 30.48132772019818049
105.94503145044114945 30.48219270972583672
105.94510564990588364 30.4825890499447496
105.94544361962738321 30.48439427977223204
105.94545926962962312 30.48645005982245948
105.94548484005338196 30.48980830011299759
105.94548832042971753 30.49026625018734649
105.94549218031994542 30.4907736000216687
105.94554468004298542 30.4976680402479019
105.94511627989248836 30.49849785009575953
105.94404695989936727 30.49849261963873914
105.93798476038841727 30.49846280981086011
105.93272166966937675 30.49843669979389915
105.93247209970769518 30.49843545962880853
105.92579739983017362 30.49806902006929477
105.9249253299400948 30.49647593041987648
105.92441211023077585 30.49629547965270149
105.9239247199499232 30.49663881023298018
105.91449795971311687 30.50327860022724735
105.91351027028281351 30.50397417996447302
105.91192224021926904 30.51458729976411632
105.91431230007265185 30.5156239096157833
105.91813898012986783 30.51728348974131677
105.91850068026224108 30.51724331972349091
105.91903649004206045 30.51621261032374832
105.9204993398727197 30.51339845987109811
105.92105153979679244 30.51325267976739042
105.92681965020676671 30.5117298298678179
105.92751349964834162 30.51159323004355883
105.92779820971964 30.51183571964281782
105.92786182955984486 30.51222117986361582
105.92802590007528352 30.51321517983672038
105.9281383701896857 30.51389650981610657
105.92748550015573983 30.51423624041024141
105.92513580007715746 30.51545890020810248
105.92461149982091229 30.51731789960143715
105.9244722802715728 30.51781152038540768
105.92489971005363714 30.51808625967316857
105.92802875991941391 30.52009746032956627
105.93036097987538824 30.52089589013326076
105.93101080030822914 30.520690619876234
105.93132199991043763 30.51991095982299385
105.93276504037436325 30.51404479992760344
105.93645649027484978 30.50889333036298012
105.93663613974609916 30.50864262006092531
105.93821305958510948 30.50663771016223791
105.93858010978431139 30.50641745989793208
105.94122723994524904 30.50482899006590287
105.94240732044153219 30.50412081982000245
105.94446139987377364 30.5028881100982403
105.94635826971841652 30.5020017796584284
105.94655616013875488 30.502117480137656
105.94901163038247205 30.50355312008048259
105.94954738980027287 30.50400930028905577
105.94899665037519298 30.50420827978831539
105.94856147023574522 30.50436551006026775
105.9472424399866668 30.50627097022913858
105.94598364003303459 30.50838835024222817
105.94295314956826815 30.51512652966567885
105.9432743604234588 30.51726697998719828
105.94733049980277428 30.51884885958725135
105.94823576996486736 30.51885482029376817
105.95139629969952466 30.51644594032791247
105.95433565017020783 30.5119991300558695
105.9551552401222807 30.51075913042956245
105.96128209009646071 30.5014883099375993
105.96471181030187836 30.49726390020890676
105.96554110034156793 30.49624238997438397
105.96657420013929141 30.4923561900861273
105.96784171991947687 30.48758772019715479
105.96542496009391243 30.48576928022816901
105.96479952028170146 30.48529867039735564
105.96394495029926475 30.48339033959257449
105.96472051034334072 30.4818435398475458
105.96748226989092245 30.4805344300199863
105.96830028962671122 30.47976790996114005
105.97055687030336912 30.476141990060853
105.97135974995256902 30.4731414299330936
105.97043002992199945 30.46841653039859921
105.96855508015289615 30.46062803005958131
105.9681446700405445 30.45912042007137188
105.96449976005595772 30.45683472024620642
105.96251419007785444 30.45600839976788166
105.95930121008285596 30.45558431996045101
105.95634321037090331 30.45641586999647643
105.95533881963086742 30.45698723986924961
105.94947127028297018 30.45892346044939814
105.94757400023996752 30.45880391986503355
105.94492120974609861 30.45694588004835168
105.94380036039837023 30.45051150959852748
105.94381236005244773 30.44792482017436441
105.94780866034147948 30.43979474023512921
105.9577344795626459 30.43012252983095323
105.9616605302093717 30.42631242967496519
105.96433032958111653 30.42595356960163144
105.96606877035753769 30.42699225958517673
105.96559276999039412 30.42816069026372361
105.96351608969581548 30.42976532001358692
105.96275032956413042 30.43075228009371358
105.96381753974770845 30.4328830096432057
105.96650588044207097 30.43463375044728991
105.96892484000943568 30.43402917040992861
105.9747510097513441 30.43112596998759045
105.97528140021648824 30.4308431898613776
105.97571108010231455 30.4302242899191242
105.9746451802309366 30.42612108991642117
105.97470584040229369 30.41917369041351549
105.97649160980000715 30.41725459022723044
105.97983754017042202 30.41441525965655046
105.980365059999599 30.41428298017547149
105.98134016971312121 30.41436327974162168
105.98388915955712264 30.4164883903270038
105.9855267197823423 30.416561370311058
105.98591815959542828 30.4153405199490976
105.98790101002367692 30.4068732598930751
105.98773783972956153 30.40527326974563493
105.98709786957107326 30.40378044011526981
105.98660737033395662 30.40344158995748103
105.98465137006473924 30.40268362964582138
105.98284931034743295 30.40260955968346934
105.98079317956165823 30.40378013974168425
105.97844386978880493 30.40228415978617704
105.97843758982298823 30.40165486997631206
105.98249684984978103 30.39631881006511094
105.98751127982177422 30.39691432043957775
105.98774867026497759 30.39767330957562308
105.98853653033665978 30.39834051030635464
105.99045041985107218 30.39903102955844361
105.99522825977641105 30.39983913966460705
105.99694817991462514 30.39906922016842827
105.99735116972078686 30.39803052029230912
105.99595142981468143 30.39502994037951566
105.99134857008050403 30.3942364496524533
105.99256301007488901 30.38892165960697866
105.99608792981416627 30.38005280009667786
105.99721294032497099 30.37909795031021076
105.99687065026034816 30.37871736981082904
105.99622718983300729 30.37448255042943401
105.99499738042482022 30.37333157019588725
105.99348252010230453 30.37282986001008567
105.99459278982544674 30.37149743975510319
105.99432485031167062 30.3712986302276704
105.99287621966186634 30.37140636001555549
105.9920760901395056 30.37067386041036343
105.99171648003158452 30.36954075959840793
105.99086060962946476 30.36973319023456952
105.99054194025842435 30.3704571004149102
105.98957650005547748 30.37084377022387116
105.98927385030799542 30.37145599000200491
105.98870569011558018 30.37125946025594203
105.98814620028696254 30.37021492018249091
105.98733788963198776 30.37002018997981168
105.98567675997458082 30.37117820021381931
105.98558785029911178 30.37172187006831336
105.98494825965451582 30.37209857988563044
105.98480287974916791 30.3729996996764271
105.98327415008202479 30.37368064024940395
105.98258322973231316 30.37434842014351943
105.98346496013988371 30.37506976995399555
105.98297683960953464 30.37641119961722325
105.98402752025390328 30.37781055011686249
105.98538548035571694 30.37806066956432005
105.98553072985936296 30.37885544002659799
105.98628008006170376 30.37915477037643086
105.9887630695600933 30.38187902999328571
105.98736915995880281 30.3814958000911588
105.98532593984032246 30.37982392983053614
105.98457814996169191 30.37882542964990762
105.98331640023172895 30.37876054985952123
105.98288383981741845 30.37806009040087929
105.98245843980521386 30.37818216977137808
105.9820935596700906 30.37885313956081745
105.98147429010646192 30.37885778995507735
105.98078722964697818 30.37758617016567086
105.97860607960694779 30.37671394019622539
105.97866711029894304 30.37536650036372521
105.97594659006313123 30.37555543983171447
105.97528184987754685 30.37478616964608591
105.97526654971153448 30.37458228974094254
105.97474871018488329 30.37384121959667027
105.97382503000119414 30.37412330994283138
105.97065607991419256 30.37550805994908387
105.96797517031791358 30.376807299717143
105.96618803035335077 30.37827096972949903
105.96645026996407069 30.37876739010300753
105.96618469027129095 30.37967679984450342
105.96534590968605016 30.37987639987602506
105.95550692990093467 30.38000077971224755
105.9544680699455057 30.37991912037114162
105.95077461006025032 30.37768485007580921
105.94976260026385262 30.37682938976456626
105.94359769008138983 30.375378990148306
105.94080929980941619 30.37534701025634831
105.93867181994858129 30.37699877976990592
105.93696024012302814 30.37833505002259926
105.93528570966782354 30.38086859041317211
105.93515438976334053 30.3814943503840027
105.92092181978620147 30.39342958960395435
105.91813347987624638 30.39572162964952895
105.91270634022549757 30.3985228802267784
105.91108869998356568 30.39804326008845692
105.89926725018352727 30.38960693041553895
105.89830811962406187 30.38917620012159659
105.8962436602167827 30.3904771998629144
105.89522524005286641 30.39170404960225369
105.89410814987127196 30.3934076002805682
105.89389190968392995 30.3960422100799974
105.89470677010143618 30.39977803972482207
105.895494839715127 30.40056853031347828
105.89635065975522821 30.40085679990141898
105.89793609977124333 30.400098030200013
105.89855505007557213 30.39928301959571399
105.89983438964543438 30.39937091033931438
105.90043190011215302 30.39996183956731102
105.90247274961774337 30.40261061998415926
105.90397086995972131 30.40501766982964682
105.90081025029286366 30.40939827021406927
105.90007933978978372 30.41017687985919338
105.89935416965926152 30.40970583025989527
105.89894765001412225 30.40842184029571627
105.89848679962614142 30.40495137990228613
105.89292667992242514 30.40784575977403392
105.88891630973995461 30.41227655042251854
105.88843935968873211 30.41320581000019274
105.88769129012098347 30.41349322972882874
105.88623014000899047 30.41322456985807321
105.8823545799999124 30.40884740038728751
105.88191500037703463 30.40672304972900974
105.88327528972291702 30.4053080402339333
105.88530136966255668 30.40350172042809618
105.88519416957529984 30.40303383014719429
105.88316278003833304 30.3956614398236411
105.88238855009154804 30.39353192975482898
105.87623691030523787 30.38877568974635324
105.87372611017190138 30.38912720955312352
105.87032455043771506 30.39036585030379456
105.86820295979879347 30.39230296031342959
105.86630059959304617 30.39549914996587177
105.86538143040877458 30.39830203011462118
105.86539353978008648 30.40062683965697943
105.86612249965367027 30.40254434984194631
105.86705810035113018 30.40257532968774967
105.8692170398346093 30.40411554999269583
105.86841630956507743 30.4086656303146583
105.86186906970186783 30.41283229997071658
105.86072906029795604 30.41329235985455171
105.85832101040637099 30.41319529962345314
105.85770748031603716 30.41271586024879525
105.85339365998947869 30.40616115960989418
105.85012354966215753 30.40113205000415064
105.84694788973337154 30.39607979994286779
105.84527446004835838 30.39505673028395449
105.84268375964785491 30.39412880979676856
105.84167118957378761 30.39412048027600122
105.83742249005592839 30.39697431960922813
105.83536796006336544 30.40056528016361881
105.83432311961632877 30.40786886965264557
105.83467174990141757 30.40849888971206383
105.83534324039828789 30.4087475000970926
105.83915089979427648 30.41546211008835598
105.83767202044742817 30.4161484798685251
105.83102934003210294 30.42121916962901196
105.82867388968833211 30.42889552990482116
105.82711036974779972 30.43484112961448318
105.81929854998816154 30.43992607992470312
105.81266108024470896 30.43972211997987642
105.80215578016520794 30.43368031979099442
105.79734468960577942 30.43001299960030792
105.7966239504350483 30.43004714955634427
105.79456584024137555 30.43134650983358824
105.79260983007964114 30.43360473986689385
105.78699635989414674 30.43044770040108915
105.78657915000781031 30.42980308974085801
105.78678551024319177 30.428775379580145
105.78903511038208762 30.42566747007771255
105.79133606990376393 30.42255922962482373
105.79132695977142475 30.42142866040438776
105.79043685038038802 30.4196116800350751
105.78449566993930375 30.41185964990296497
105.78382161007931472 30.41127606993472909
105.77882459997539399 30.41098610962131943
105.77234546037476548 30.41178509970262667
105.77030510999287571 30.41180681023615762
105.77021179004213991 30.41179611999501731
105.77011897011442443 30.41176925005089515
105.77006908022394782 30.41173880979829391
105.76997343012976671 30.41165410984933715
105.76992508977116358 30.41159416014244243
105.7660673597209211 30.40649377027131095
105.76489758995188595 30.40475777025494608
105.76415366985605715 30.40365369955861752
105.76354009030296766 30.40256498028963961
105.76282436035597811 30.40082460956813293
105.7611011702828705 30.39466716016136161
105.76176285007551314 30.39229585027334224
105.75538786006177361 30.38841804016050219
105.7577773497449698 30.386012559631979
105.75875169503473217 30.38543932996117292
105.75949581028345392 30.38499531038530677
105.75966503031696675 30.38490880010107276
105.7599708195976973 30.38476447959709503
105.76119981961602434 30.38423943020558227
105.76159343039256555 30.38411359976288395
105.76181233976774365 30.38407432007386433
105.76202606005466578 30.38407307001619984
105.7621641095860241 30.38408737013605787
105.76230365019335977 30.38411016974856693
105.76260829014051978 30.38421015007838832
105.76292133964818731 30.38432916995526512
105.76311369024466558 30.38439930988027982
105.76330016017431035 30.3844172297713726
105.76345898044763771 30.38440205011454509
105.76366132970667877 30.38434859980810643
105.76387987035980132 30.38426179994218046
105.76404345973793397 30.38415632025800051
105.76418487003576274 30.38401769965719268
105.76429335975080903 30.38387453028536811
105.7643745298607314 30.38374100973987879
105.76452483984951414 30.38341208000355209
105.76468149005876285 30.3830455298273705
105.76499120038363344 30.38212053033828397
105.76527861021975241 30.38119825039899524
105.76537057039558931 30.38086876038505579
105.7654773801770034 30.38039437969689516
105.76554729976811586 30.38005429027333548
105.76557718963567822 30.37985889996832611
105.76558658035645522 30.37882248976615074
105.7655538504299102 30.37869303955216083
105.76546650017888851 30.37849272006303636
105.76537095980199865 30.37834452977625688
105.76518215972896542 30.37809062957893502
105.75857875990192269 30.37088627038514232
105.75813761006270397 30.3704127899183618
105.75766191006914596 30.36990972985017834
105.75740257976531211 30.36965088967684778
105.75702220970725875 30.36927374998361984
105.75665946995860622 30.36895598982709998
105.75607269020252943 30.36850563992339858
105.75588299980063312 30.36838029961120355
105.75564161996487655 30.36822546962974911
105.75553174979046389 30.36815838020515912
105.75540030038359873 30.36807812020913389
105.7550986398903774 30.36789390038325109
105.75302945994167203 30.3665371696546913
105.75257325005549092 30.36623251981501426
105.75230192009757957 30.36602494009895281
105.75212375990366809 30.36588038037530168
105.75000739972176689 30.36407069980299411
105.74921195027133081 30.36322492968679398
105.74886543968835895 30.36283930039343204
105.74854234025684718 30.36241746979044365
105.74831006965405322 30.36206842042133758
105.74804208967077557 30.36153774037444464
105.74782389975325714 30.3610409503796177
105.74773400981678151 30.36064252013625264
105.74768094981601507 30.36025870027884821
105.74770623965127925 30.35980243013807467
105.74782161997183039 30.35933269984428762
105.74825549969159511 30.35834728030278029
105.75026737034295365 30.35441882037230243
105.75218009973190192 30.34999826041143933
105.75233428040280614 30.34961583000659857
105.75240556966139138 30.34935200039456049
105.75246079972617963 30.34908613022076906
105.75245892014311266 30.34884013956082072
105.7524218303032626 30.3485871998394714
105.75237082975007752 30.34834863038503272
105.75226251000691491 30.34805633003566072
105.75212845976068365 30.34773169006547278
105.75192905038539948 30.34730177006071017
105.75151406002589738 30.34653164012314619
105.75132346040942366 30.34617887025871141
105.75116535959375597 30.3458904495846582
105.75065255986783086 30.34530631023807246
105.75010062974030234 30.34473922023886416
105.74954666984297091 30.34423830955040557
105.74902810995934033 30.34383011986420797
105.74841622023245691 30.34341867013557703
105.74795109986342823 30.34313062987473586
105.74767072992028716 30.34298046018017203
105.74734983023051882 30.34280857995207725
105.74693474004629934 30.34263490018054199
105.7466215502444129 30.34251480021788439
105.74626953041456545 30.34242200996783367
105.74342557013403621 30.34167877965199978
105.74074855999811007 30.34097910979812696
105.7406296597310984 30.34095082971708734
105.74039521007097164 30.34091830033935366
105.74011392012135957 30.34088603985890131
105.73950592985482899 30.34082917032998239
105.73691883033978911 30.34060614026122948
105.73403186987496838 30.34035224006385079
105.73294340961069793 30.34022088958244012
105.73230631008817682 30.34011984985124855
105.7319730600087837 30.34005834971310378
105.73157421967454184 30.3399657797969553
105.73128875956865613 30.33987292029905802
105.73110015015186036 30.33978445039213057
105.73081952030469211 30.33962443042315726
105.7306020498447765 30.33940919028196959
105.73037129010299395 30.33912958026598972
105.73015849971505986 30.33878867965387371
105.73002574988851165 30.33854567024656035
105.72980330977497943 30.33802552036155475
105.72965163011866707 30.33757268023504139
105.7295956895894733 30.33720058034253952
105.72959571027388392 30.33696186969456221
105.72964454975624449 30.33661795995095645
105.7297394597083553 30.33629782018829246
105.72984664990303827 30.33604221037973048
105.73015186991290193 30.33551161037257771
105.73043686956594911 30.33503579976240871
105.73480189009518426 30.32814364021686515
105.73603408990140906 30.32628955022261152
105.73661447008180403 30.32586210964871043
105.73733429014544072 30.32548039960079223
105.73735174958363814 30.32547114018103684
105.73732250992594572 30.32542964006586317
105.73694196000349166 30.32378973980468118
105.73793448958508634 30.32222713987067664
105.73783467023389449 30.32173650033928425
105.73741607988824853 30.32147935988461995
105.73486134967163252 30.32128058003479509
105.73334118964424988 30.32229003036064796
105.73135551984142921 30.32247725032488006
105.73007769023325864 30.32447699991365653
105.7284092302018621 30.32422677974216185
105.72821192973680127 30.32285155985164238
105.72797517961089397 30.32049430007191404
105.72793647998463484 30.32010889021319144
105.72624509983154439 30.31975037997608524
105.72586421985789684 30.31966963974213058
105.72503876003082723 30.31984346970040178
105.72452153024448762 30.31995239019067867
105.72354471002040555 30.32015809032367315
105.72338948973322204 30.32019076988814277
105.72239705008382771 30.32112531028491276
105.7227736996466092 30.32210398041439703
105.72257719957815425 30.32253670000875445
105.72232704955376903 30.32275939013379684
105.72084129039330946 30.32408204015405317
105.7206544904124712 30.32424832030380912
105.72050270013954787 30.32438343984392759
105.72009776959646388 30.32474390970372724
105.71979350016994204 30.32486541980335915
105.71300813961403264 30.32757504025596518
105.71255607020651723 30.32745018018169958
105.71213530979679263 30.32685725985470526
105.71120727959231544 30.32554947023191971
105.70872112987632363 30.3220457601037765
105.70855579041744932 30.32152879022152092
105.7076369800626594 30.31865584029486627
105.70627385965093481 30.3069435502047213
105.70668279037852244 30.30203472042603607
105.70762828991371407 30.29068302969812976
105.70768141016901609 30.29069778037830929
105.70893799958906811 30.28728796037114535
105.7119590103001201 30.28324590977098296
105.71516962957480246 30.281501560448703
105.71846470957876818 30.27860909973020398
105.71881324003908276 30.27811573974963721
105.71914994981040081 30.27829492966731095
105.71944629980697528 30.27845263028473255
105.72145236983106997 30.279336939947882
105.72380629042800138 30.28105455962025871
105.72502062969834924 30.28099495974964839
105.73052478009458355 30.28042070035508004
105.73143741030827414 30.28024501959203008
105.73227433019621913 30.27914011972080743
105.73228564007030172 30.2780142602499609
105.73165001993254464 30.27502376983113663
105.7314201604121422 30.27394224963518354
105.73035002023732432 30.27274563959963416
105.72622335962040552 30.26879408957563555
105.72063659030646932 30.26802322039537785
105.71936905973439025 30.26760832986059313
105.71774479958287429 30.26626507996951432
105.71711409963603501 30.26465655975249547
105.71752801980233016 30.26347730033717198
105.71816748993779811 30.26280514973791469
105.71922464030495803 30.2616939699008185
105.72102211977505704 30.2589292300000352
105.72120361015856815 30.25822031961212133
105.72101490001767843 30.2578849903001128
105.71857135028761832 30.25354257962641213
105.71787264990291533 30.25347901014822583
105.71693832984010442 30.25388724030392495
105.71479441982666003 30.25481740999555313
105.71153336027640535 30.25676817980769329
105.70782972995812088 30.25898352027331839
105.70609687037432423 30.25918391980212618
105.70517055967366105 30.25929102995712583
105.70246130974169319 30.25960428001354785
105.70103215031355148 30.25976949986255704
105.69896166005264604 30.2600088301434198
105.69711742033274504 30.26022198026021215
105.69476203024356664 30.26012231019649334
105.69243219978625348 30.2600236698565368
105.69064426032440451 30.25994796043005408
105.69027061000070944 30.25988722021907051
105.68885350958186109 30.25953411041092522
105.68636833023430199 30.2581886203086583
105.68576582043630196 30.25786241012218625
105.68248323021697388 30.25584675962028314
105.68074588031817029 30.25572931985226433
105.67968882977572775 30.25565784982995865
105.66822836964360022 30.25606658000873495
105.6668584098877659 30.25611537002833984
105.66537592965551084 30.25676044024214661
105.66537598991004643 30.26056707980694682
105.6653759998026203 30.2614394500706112
105.66528743996343565 30.26551012968877785
105.66527947017146971 30.26587652967816666
105.66500325959282236 30.26711288974809122
105.66484981996330816 30.26779972987367273
105.66412686036636615 30.26842544038180449
105.66248700956788298 30.26904663989057553
105.66173846965472194 30.26900468022188306
105.6611749796416575 30.26826654996136767
105.66101665039815316 30.26665736964196185
105.66027057013076274 30.26667917010769315
105.65736367979002353 30.26676406970608468
105.65685476963199108 30.26677893010361231
105.65648872037820638 30.26692275957776701
105.65029762013909931 30.26935521976764676
105.64878703969020535 30.27104460972100242
105.64751286043019718 30.27246957021452545
105.64377316010330787 30.27595497014578996
105.64261683969544947 30.27641801038294034
105.64118830979271024 30.27659863022267928
105.62234612977010784 30.27897948011894869
105.62063464976932892 30.27860973015498303
105.6201972797807116 30.27777935013693877
105.61391594966141838 30.26090405038166864
105.61419815961744462 30.25668471013131011
105.61482067033773546 30.2473762700988118
105.61543558988063296 30.24713310960538593
105.61771556012507745 30.24495345963453019
105.61784384032102935 30.24465146998937826
105.61784294009964924 30.2445061602311398
105.61553435972297166 30.23791118974963865
105.61629200976847187 30.23718009038890386
105.63192614977202766 30.22209031991241091
105.64286782968667922 30.22176198013130488
105.64316420036760746 30.22175308044035091
105.64836268019359977 30.22278893036491354
105.64822746982196122 30.22425930032648012
105.64815294030603354 30.22506987007847101
105.64864125958649765 30.22564374995914704
105.64953922005901177 30.22603265008677909
105.65179322957396835 30.22598488979087961
105.65292572963875273 30.22520169989860506
105.65646197004394935 30.21996070012625069
105.65655160007634095 30.2196373003212102
105.65779107989447994 30.21516472986843382
105.65794084039754352 30.21462429037876518
105.65772904016313305 30.21422647976828557
105.65587076022745805 30.21073599956679345
105.65576749017759539 30.21054202029802127
105.65473721964701781 30.21056802959094512
105.65089719994585948 30.21066488028003505
105.65079696960452793 30.21066741007297196
105.64788823025770625 30.21120058034256317
105.64345191957050929 30.21201360974032468
105.64246291982794901 30.211528160196508
105.64193163004074449 30.21023858993902422
105.64073245963538739 30.20732775966843064
105.64041691990496474 30.20656178010210624
105.6390462496847249 30.20176774968194877
105.63975708012520727 30.20081136025612523
105.64057475002476849 30.19971118002700905
105.64078967989985358 30.19863925020126771
105.64111039972522121 30.19612998970728768
105.64146856012598619 30.19230722979489201
105.6415201497351859 30.19175657040943861
105.64050280965699358 30.1890294203715257
105.63858936980363978 30.18841424002522444
105.62787827965894394 30.18622391959826246
105.62250801043637694 30.18891111005973471
105.62179289022975581 30.18912010980528748
105.62094487990236757 30.18936795037063803
105.61999657987831824 30.18964508994901053
105.61578403040874718 30.19004035997465962
105.61422882020394809 30.18903700975022275
105.6125708597574544 30.18612363979417523
105.60991380018180053 30.18358743021576629
105.60844704009889483 30.18263979029416078
105.60160193038484522 30.18027869040929545
105.6015389301775258 30.18030519972523962
105.59946141980873335 30.18117929039198089
105.59939394007835745 30.18120768019031175
105.59451343984341065 30.18326090976324849
105.59421043036712717 30.18423162988585773
105.59459452002113267 30.1858738198209835
105.59475236992597047 30.18654867018500454
105.59442706985345239 30.18713000994205231
105.59228539015867909 30.18717432043860072
105.58767589972308087 30.18696438000216631
105.5869240404122138 30.18693012032883871
105.58528065977469623 30.1853189803866826
105.58451551028264248 30.18396360043988125
105.58272717961568787 30.17769636989163473
105.5825358596422916 30.17702584976319713
105.57617466972527609 30.17546568968987231
105.57572850976299605 30.17535625029074708
105.57488882985569489 30.17541067995898629
105.57307155990463343 30.17552845967071562
105.57272125957854314 30.17555116035782703
105.56966742001549164 30.17724512965907024
105.56943450999472134 30.17737431996891928
105.5687839602116469 30.17837063030037825
105.56813101013807454 30.17937059997325377
105.5685019903746138 30.18066668042303036
105.56906628977753826 30.18263808967617479
105.56872315974607091 30.18299985006308361
105.56657908965331671 30.18526025016046788
105.56596680962064738 30.18590571967325786
105.56275396002729394 30.18696625958529012
105.56232735042692639 30.18710707003532434
105.55643881000315787 30.18710888037060158
105.55548463021159478 30.1884067801488527
105.55465063042231577 30.18830953016072272
105.55393820008794137 30.18859211963064126
105.55371961986463702 30.1908644303492224
105.55230492962886046 30.19325536973957469
105.55105556985870408 30.19464968043843101
105.55314003018833091 30.19692104956681078
105.5533366804435218 30.19791614041758976
105.5540871700869161 30.19858928027110778
105.5541675703771034 30.19858798974399861
105.55790954958609973 30.19852802025195615
105.55896069967661788 30.19889633040139643
105.55943618023559338 30.19962105986405732
105.55902266026760117 30.20119835022376265
105.55873587006442449 30.20229221001750375
105.55858637036476466 30.2025126302537501
105.55807285028186016 30.20326970023654667
105.55746583038381914 30.20416462010120995
105.55705095963412532 30.20477623013897528
105.55648532024139286 30.20499809018974702
105.5564340795691578 30.20501819003749233
105.55532454998802905 30.20545336028442307
105.55389166017204161 30.20481018044552002
105.55222018021720487 30.20405988955229759
105.55203065978719223 30.20417058980092406
105.55140820032823967 30.20453420009329193
105.55032318986337714 30.20516798021816385
105.54658913997690206 30.21013999996108623
105.54644795990549255 30.21032796995990566
105.54541092017785786 30.21232181010350359
105.53795308976333445 30.21552974040525896
105.53730305978842807 30.21596748001525157
105.53589270968086566 30.21691720996130925
105.53581439042181955 30.2170566903140525
105.53522884003899662 30.21809941015970935
105.53374553962498794 30.22089274040769169
105.53120906024997794 30.22279540998022185
105.5307781204139701 30.22284071962354801
105.53018151016863158 30.22290343024917547
105.52945182004549451 30.22298012982918181
105.52724517962138862 30.22265480997157283
105.52640781996495889 30.22253135014176451
105.52581437982985335 30.22161008014114714
105.52532510996593373 30.22085049025798753
105.52520784016974176 30.22066841981177276
105.52499647970381602 30.22034028957273222
105.52280251972058522 30.21672972020047609
105.52274103037433406 30.21662853028249174
105.52219396018318776 30.21572817041879944
105.52220365037823058 30.21534239003932498
105.52225811961659474 30.21317273963029493
105.52227127040288224 30.21264905001368106
105.52228294000570941 30.21218394043654598
105.5220831097477685 30.21186301016984999
105.52115401024946095 30.21037076959538581
105.52031822980251263 30.20902839024807918
105.52027334014258031 30.20895628980099445
105.51938435040750619 30.2075682896448825
105.51811128001162388 30.20607018009479816
105.51738586976216538 30.20521652022625858
105.51706792974124482 30.20484235998696931
105.51619507024634004 30.20590396019963464
105.51604396975346845 30.20608773036451566
105.51499520016841416 30.20723140990168076
105.51491377015440776 30.2073038700775669
105.51393484012083945 30.20817495970669597
105.50993878984331786 30.21047701999850688
105.50913921969930698 30.21076862966856424
105.50870576985545313 30.21092669990730428
105.50744319994379339 30.21138715009692532
105.5031905299190953 30.21267577966352746
105.49586804027791231 30.2164113404110708
105.49492582956344222 30.21884899958172355
105.49355658027201343 30.22085425032344119
105.4930290100808179 30.22087771993085425
105.49228985998911412 30.22091059015167502
105.49211047042194878 30.22091856983615799
105.49059125018612804 30.22048721990933018
105.48952159024923958 30.21974755990203221
105.48769764013405847 30.21848626972564489
105.48683639988001914 30.21789068021075764
105.48595044985341929 30.21818480978117805
105.48512667985244207 30.21904088972530644
105.48126424005272384 30.22305453973524436
105.47867331032506399 30.22608778032684995
105.47773585972220189 30.22784497016931482
105.47787760996379802 30.22892886997141204
105.47821297974525123 30.23149318965903376
105.47838672966389595 30.2328216996617698
105.47977362994913619 30.23398931015856306
105.48047955009121779 30.23458360015308699
105.47877848963565839 30.23821260023134982
105.47653035988827241 30.24292938967965938
105.46940348987919833 30.25133930986129371
105.4691332903691432 30.25155285028387198
105.46571376038178869 30.25425526986487057
105.46545571970574429 30.25437937001197497
105.45714146041012782 30.25837759035357521
105.45619132037319332 30.25879415003004169
105.45249924004792774 30.25884639974162837
105.45226127044134046 30.25881516988425801
105.45170518005005533 30.25874218990020381
105.45063479975624432 30.25860172029319983
105.44563543972384423 30.25708679971609172
105.44343000978716418 30.25642814973934946
105.44188499969305894 30.25706123019165261
105.44022721011771182 30.25810695017565877
105.43987886042111768 30.25947764018098951
105.43900750009612466 30.26560871966671584
105.43907134027017491 30.26649262013836506
105.44013920965687703 30.26782557009403263
105.4403437397718335 30.26808085974391815
105.43992044956917198 30.26854280011019682
105.43873173018528178 30.26984003978606097
105.43819848976852427 30.27004339988303627
105.43765664014188133 30.27007544992210342
105.43443596015151797 30.27026591014367796
105.43350271028191401 30.27032108984644765
105.43345232036836023 30.2699944398915477
105.43317562955172662 30.2682008895594663
105.43292304955912186 30.26656349031287618
105.43304235002449332 30.26630302956124297
105.43360735989182331 30.26506952034213782
105.4333736899438918 30.26453978997938066
105.43251082011829567 30.26258359995324554
105.43177819011145857 30.26154301959473969
105.43144176992183247 30.26106518011403068
105.43131190961702259 30.26104770988393966
105.42624872020235216 30.26036656966152805
105.42564471033517748 30.26030804987664169
105.42522963993599205 30.26056720031607483
105.42126814970538362 30.26304044026414886
105.42121898017182957 30.26314006985836613
105.41905180020046373 30.26753101964089865
105.41898330963209673 30.2676697796366625
105.4140813003118069 30.2812693995632003
105.41426829994213676 30.28451663023832907
105.4143121697708807 30.28527839018562418
105.41439208982313858 30.2866660998606676
105.41441214020818506 30.28701424001519626
105.41444460033807218 30.2875777695984425
105.41369485983000231 30.29296238030963195
105.40746902957209841 30.29853544035836421
105.40732388978574363 30.29866534023329905
105.40666647008157497 30.29863978959468795
105.40525628994589624 30.29716419007536388
105.40463278997134466 30.29651175980990274
105.40462299995152762 30.29555688034582772
105.40461510030667114 30.29478687001807202
105.40326051985715594 30.29278090971126858
105.39355600040914851 30.28637064019295622
105.3783581997711849 30.27869855979076874
105.37735934975427199 30.278963679929916
105.37118613972864978 30.28060203965247865
105.36486275011588987 30.28227989040465218
105.36404016002541084 30.28387006984792151
105.36356409041047755 30.28479037037936905
105.3634661902125913 30.28497962011340405
105.36330574036770713 30.28528978999185028
105.36315780998501168 30.28557574022829613
105.3623646996712182 30.28710883970126133
105.36232754957683255 30.28718065955985139
105.36185926988946449 30.28840953007579628
105.36181608984071545 30.28852285994207705
105.36140249972561378 30.28960817977372244
105.35866790959642003 30.29678364015290981
105.35861815010758846 30.29696944998016761
105.35847077010998873 30.29751980989135518
105.35636663980864114 30.30537636013099245
105.35599563978701099 30.31074849005079841
105.35589179956696171 30.31079132026326306
105.35511755972765968 30.31111062995165639
105.35453897009745106 30.31134924976811362
105.35434769958675361 30.31126988010095147
105.35280878959400752 30.31063127960993597
105.35078309006763675 30.30979064012598201
105.35042230994173451 30.30964091019990292
105.349820140087445 30.30720583028488591
105.34839473982543723 30.30529419986748962
105.34258824005530641 30.30149066026581295
105.34241719979399932 30.3013786101348046
105.33991870958084291 30.30050036010356962
105.3396910695872748 30.30042033033402049
105.33846783961917026 30.30097501958152861
105.33827312020838463 30.30106333030852284
105.33790197989253556 30.30123162044299079
105.33777166003415005 30.30129071039800692
105.33758290043056149 30.30218967990987267
105.33830184995048285 30.30309003977356497
105.33887015043717383 30.30380172996592592
105.33930260023487335 30.30434328011835987
105.33938829033741058 30.30445058003027725
105.33942877961453632 30.30469144995049646
105.33960384973795499 30.30573289995339792
105.33984031028217032 30.30713948010298964
105.34014728037277564 30.30896537005583014
105.33903279013122756 30.3098528399366387
105.33311794004094963 30.31206177003468838
105.33171826038949348 30.31258442992753999
105.33158641977752268 30.31276318996930286
105.32824623967229627 30.31090859005945504
105.32814355957765429 30.31085866959199393
105.32635797993685856 30.31051940035007419
105.324497510152014 30.30901600008837704
105.32138483963871067 30.30650058013770831
105.32078488031805819 30.30601570975727554
105.32075360009861242 30.30604486038203049
105.3199915397777886 30.30611412976332986
105.31737635983120072 30.30635181968079905
105.31545487014619766 30.3063054398442091
105.31439510994641751 30.30596775970440149
105.30119637001649835 30.30073477019351458
105.30058072022410443 30.30043467991657735
105.296153060115671 30.29733810996583543
105.29085951025825807 30.29740957009562408
105.29055847029724191 30.29741023019801105
105.29039904028354613 30.29738753041027621
105.29018624000303817 30.29728813014315847
105.28995543979175409 30.29708887005534734
105.28978483030573443 30.29681679006284867
105.28957823984393372 30.29644004966860393
105.28947363969678008 30.29580932993667375
105.28951116031186075 30.29513028963123134
105.28962373025103716 30.29476885030226185
105.29184234964475309 30.28964915018815418
105.29187712013305145 30.28956890997727669
105.2918267598971056 30.28955665041911516
105.28847240018120601 30.28873991041859881
105.27979562956471682 30.28786688005254746
105.27960763978080649 30.28785097014622352
105.27941972014400562 30.28785952989346697
105.27919430956978886 30.28790077999707364
105.27895951996595159 30.28795022022654848
105.27755592016961828 30.2882796499858955
105.27629831001905814 30.28857480028688087
105.27408557039279913 30.28909409042000789
105.27391655000883475 30.28914337956337022
105.27375711999513896 30.28925788034695188
105.27365416021137889 30.28940488982385659
105.27354194010848687 30.28960086019156961
105.27314121029866101 30.29081274970866389
105.27283377975521717 30.29178386013705904
105.27268401025889943 30.2919962098572455
105.27259030000237772 30.29209426024198137
105.27242132998043189 30.29215986038929032
105.27213961015496579 30.29223382962760525
105.27184835032119281 30.29225890992080394
105.27017163001676181 30.29231598989105123
105.26990268955751162 30.2923129798601849
105.2698186200333339 30.29231204006862299
105.26894455005100326 30.29228122030212944
105.26646799969847734 30.29200295027595757
105.26646919040086914 30.29199501016165641
105.26544007010323867 30.29187601006987052
105.26543839016960646 30.29188724979678682
105.26191485988294971 30.29149121984397652
105.26101616016774187 30.29128360955098742
105.26042548005193566 30.29095907030489343
105.2602910898619939 30.29083137017164518
105.26023703970770384 30.2906686099684066
105.26023664040866379 30.29051737997315286
105.26050305017565734 30.28888028020082857
105.26055638986554186 30.28855255016009096
105.26065484044858067 30.28794756003190969
105.26070306029805579 30.28770413963439978
105.26070641027268948 30.28768723957449538
105.26071801962098107 30.28762863974998254
105.26076398037344006 30.28739663984310937
105.26081732995589846 30.28712737023198542
105.26089519955388596 30.28673435031009831
105.26093834992497023 30.28662868986219792
105.26095547031877686 30.28653061969237115
105.26091164006021472 30.28637988972019457
105.26085909986761635 30.28622918043237178
105.26069354996741367 30.28605606993176025
105.26028672005617182 30.28572579031305168
105.26001650975416624 30.28554426035935876
105.25648007959205188 30.2837511300106712
105.24977435040602813 30.28307671042188076
105.24533165003566637 30.28304673961537219
105.24026754960777907 30.28456480961830266
105.23898119982254684 30.28495037955644875
105.23872897955880035 30.28504212029764631
105.23856665013084921 30.28514033975494613
105.23841586979659724 30.28526675026034809
105.23570390031483157 30.28764339043016207
105.23551689978518198 30.2878196503566528
105.23114444006392887 30.28357652034020475
105.22724898974911412 30.28118475986883595
105.22693018008379795 30.28130586977010807
105.22698807034322499 30.28142066013538169
105.22210833992801327 30.285894729758013
105.2163465598459311 30.29217397974542791
105.21663728997901899 30.29401458980152029
105.21764482025230336 30.2961390196001048
105.21717774026058123 30.30448656010673858
105.21597563986392743 30.30861681981042466
105.21475483986404242 30.31100381027766844
105.21306691040962278 30.31098363039029664
105.20965361991869713 30.30994012993312481
105.2055539299699376 30.30856850013623216
105.19782344039953159 30.30744787022308628
105.19694400955847868 30.3077475701942376
105.19525715029732282 30.30896999976573625
105.19048053974518098 30.31294645021853285
105.17754349983272277 30.31873904017459154
105.1704008997817823 30.31929009975834788
105.16902392981057801 30.31864233967229438
105.16858891964301392 30.31864288016481623
105.16039991972058942 30.32142099028652638
105.15767443972367801 30.32314245006409692
105.15238494041273043 30.32692982974788265
105.14702069035263321 30.33861574002440875
105.14646535988850928 30.34155973999003209
105.14992081959019288 30.34170168988111982
105.15174134958368768 30.34245177033301388
105.14904003976607783 30.3443800202218199
105.14514351026485883 30.34472465032240507
105.13214867991769097 30.34517235981661543
105.12635934011149175 30.34503633016254298
105.1237214001225766 30.34360532982213954
105.12193738979874524 30.34442740010450734
105.12030754036078406 30.34559732995285231
105.11774437989924991 30.34757960031834045
105.1168978201783375 30.3487590503899014
105.11715075000716979 30.35328542997865497
105.1179457497966041 30.35631616955561185
105.11709165015957979 30.35892467023739982
105.11664704962169026 30.35945341044657653
105.11367036019902343 30.35888053960525212
105.11252021003974733 30.35992464980279237
105.10803079978165897 30.36716959000460747
105.10672269989277083 30.36982412967989831
105.10554493964730227 30.37376742033023902
105.10598325032680123 30.37999662034781068
105.10587687042129801 30.38231538015071465
105.10241622972529285 30.38453460029160169
105.10096731039311635 30.38347385983081494
105.09813243956051565 30.3844780698071304
105.09730862009678276 30.38522952981901426
105.09462707018320771 30.3903242701489944
105.09446913034616955 30.39104973975372559
105.095891829944037 30.39428494019790605
105.09794044959215853 30.39499280017764704
105.09353974036679347 30.3991738796708546
105.09264294001974349 30.39997677011189126
105.0847395998526963 30.40343896033982674
105.07659372961700228 30.40480809991390743
105.07081064009901183 30.40523100970341375
105.07027878014167754 30.40600018995684195
105.07068461000682191 30.40695343984941701
105.07724566975190328 30.41624313980912575
105.07808363015544728 30.41645318996279457
105.07892240984142518 30.41604517024848064
105.0798254200071824 30.41480522997744629
105.08257706038307333 30.41523244032492812
105.08595634031291866 30.41653215043845648
105.08658338991159553 30.41715242994075652
105.08753911024177796 30.42247717008535801
105.08773908978724876 30.42389749007713817
105.08789505021644572 30.42690172033815088
105.08601663985609775 30.4312795301262895
105.08202060037046977 30.42946961033430853
105.0818855096086395 30.42940841956294662
105.07124182994652983 30.43114890000180139
105.06583083042852422 30.43555355994885758
105.06577814004918991 30.43559645041591466
105.06582782039765789 30.43675177977087287
105.06763334969940615 30.44018893017505434
105.06774215957307206 30.44038672976381577
105.0685327302014116 30.44182378973613368
105.06975302028570241 30.44403278998134965
105.06996090037529257 30.44422483031172533
105.07041091033528346 30.444640559913978
105.07163542003866041 30.44476217973084431
105.07247335975779379 30.44430607956195445
105.07277819036124811 30.44414015014785946
105.0785604803819524 30.44416468994853631
105.07963055040966083 30.44479108034414594
105.0820494704067869 30.4470142098379597
105.08212166977926927 30.44701823970007126
105.08407151958499526 30.446429549783943
105.08476996995818809 30.44608405003890539
105.08482236985656755 30.44604959970928348
105.08597046956157328 30.44528608968136041
105.08618984028896648 30.44512805991206505
105.08640701037529652 30.4449050999904216
105.08656303015976619 30.44473897992003231
105.08695062986771518 30.4443181403699441
105.08702395968805376 30.44423852968446909
105.0871152201913219 30.44425943982133731
105.08833319002474127 30.44453860017631541
105.08853815990823932 30.44458731015629382
105.08863014976168415 30.44460916997724098
105.08875298006603316 30.44467458036763219
105.08880890980339018 30.44473478008609391
105.08883482017085953 30.44478589035662708
105.0895578301298201 30.44631030957316398
105.08960896018544418 30.44642642014321154
105.089757539878633 30.44709477020751365
105.09005956999322962 30.44845342008932221
105.0902973003801435 30.45090976987000886
105.0901565303996108 30.45118114029742173
105.08961827985979198 30.45171276013581974
105.08888050033488071 30.45244144032028544
105.08779664010290844 30.45290777027742024
105.08688575996990267 30.45621815044734149
105.08703136020915281 30.46102905035041886
105.08745837990039718 30.46305102038832047
105.08748597020144189 30.46316752036483422
105.08761200029363181 30.46339546972518519
105.08790108017075227 30.46380396967748538
105.08795232983624146 30.46387638039067269
105.08788733493264544 30.46391463485258555
105.08786776028898657 30.46401157007795746
105.08541529018356186 30.4650681196980031
105.0851421795679812 30.465265019964761
105.0825602097859246 30.46712638997098566
105.08064260966875736 30.4716631998967955
105.08048659977680472 30.47203226997334014
105.08005315982552474 30.47305767966821577
105.07979937024481387 30.4736580499790648
105.07948209032628029 30.47440862955465946
105.07896241977988439 30.47563795962417998
105.07819408039256359 30.47667343003479345
105.07773460956462941 30.47729261955879565
105.07735006035704828 30.47781085029055248
105.07674133984102127 30.47863115970028502
105.07618578994231484 30.47899282026247647
105.07539833996145262 30.47950541044639294
105.07416691986753676 30.48074683010219132
105.07285285027887767 30.48212313007843477
105.07199816967982997 30.48401224956569422
105.07237658011513304 30.48447426007908234
105.0725606101840981 30.48462883015645275
105.07423926043355777 30.48603878995822924
105.07684511980647812 30.48731115978222306
105.07694051988914907 30.48731830039929491
105.07715532026190886 30.48733439017001956
105.07767213006479778 30.48737308979633553
105.07828870975623659 30.48741925019828614
105.07877719990790411 30.48745582022996814
105.0796900603480708 30.4875241696047965
105.07992669985736711 30.48752817968181716
105.08026666967111851 30.48767376013597641
105.08032154989967921 30.48820683957404754
105.08147422985189223 30.49940286035376857
105.0806704400887952 30.49992430975913749
105.08063608958394752 30.49994658956353533
105.07919253021117356 30.50088305001281697
105.07899176016167075 30.50101328983151916
105.07824332996574412 30.50082606986728706
105.07810388018998538 30.50053964029223152
105.07791661975625175 30.50015501014564734
105.07727643016318098 30.49884005022818201
105.07714067030576643 30.49856120013930649
105.07702550042654366 30.49856626961769734
105.07497981976291612 30.49865640956568313
105.07478278999383292 30.49872551976699242
105.07407596963037122 30.49897340979509863
105.0737211897811676 30.49909783010082265
105.06762804999459604 30.50655122955566867
105.06719290043207593 30.50708346992627185
105.06323780977714932 30.51192070018021241
105.06295333982484408 30.51226858043071388
105.0607471796386676 30.51712955998124244
105.05971395033861882 30.52115256024251266
105.05950811980392245 30.52195392003744701
105.05911763956748928 30.52347418978206406
105.05860272013950407 30.52598799994626688
105.06635249027527834 30.53200455976269723
105.06644439019652282 30.53212921029489735
105.06649673973282688 30.53230532003453845
105.06785278967458908 30.53822980006526677
105.0700167896432049 30.54768261006444163
105.07024757996191511 30.54869064036080317
105.07025821984103686 30.54955772980542861
105.07804695040647402 30.55364804971776493
105.08191342996087769 30.55833564987040063
105.08608071025662412 30.56338728029879803
105.08627792978268189 30.56367411996473038
105.08829361985470996 30.56762783016029061
105.08806663996352881 30.57029482994249747
105.08848874036311827 30.57247825976395461
105.09097538560564544 30.58534614990492173
105.09097843970329222 30.58535484994644094
105.09208993969900803 30.5874526202422885
105.09226508986205317 30.58766581982177968
105.09731783005389616 30.5934143304070858
105.10355057969553627 30.59988893023000855
105.10816696972995032 30.60343465038886279
105.11170769955077731 30.60510691005589479
105.1133151900440339 30.60586607006314352
105.11665273963228628 30.60801570965730889
105.11936342038558223 30.61409330016573449
105.11996594007615613 30.6154440800802945
105.1199789802457758 30.61552239034608647
105.1199748001969283 30.61563798020864624
105.12068562973809094 30.61606918984131198
105.12816263010137163 30.62060442955083772
105.12945063014251446 30.62150096999380366
105.12949657021061967 30.62153450031701141
105.12953196033174663 30.62160161042601203
105.12957258990314813 30.62179238001436943
105.12961975035125306 30.62202900963114871
105.12962892973138196 30.62222604029955164
105.1296146197190069 30.62230233968125503
105.12844295957501117 30.6250865903738827
105.12834484983500261 30.62524955022661288
105.12817915964058102 30.62546760974242943
105.12800315961817432 30.62560235966122946
105.13898739994863263 30.63691630044695557
105.14464959000662247 30.64004724968089022
105.14798790042135579 30.64094178013908731
105.15000845042970923 30.64179714961881018
105.15007097039904238 30.6429742596544088
105.15007343993738687 30.64302081036214531
105.14916630997726088 30.64699023980779202
105.1482615803077465 30.65089141970332776
105.14741350972576583 30.65308619986825533
105.1473480696577667 30.65325555030347005
105.14699509025126645 30.65343479957641648
105.14334566027406481 30.6552879299940173
105.13930087033895688 30.66034093998246135
105.1398806596647546 30.66878553982087396
105.13988651964723431 30.66884023029246009
105.13994976986606389 30.66943052999499741
105.14008349995361868 30.67067867028447381
105.14009646997618574 30.67079963989152702
105.14056889014221952 30.67122414957486853
105.14837284982723986 30.67409572983410726
105.14890426012357239 30.67429124964149878
105.14965770044256033 30.67440322962539767
105.15434660011555934 30.67488470956175206
105.15474950988203773 30.67492607028196971
105.15569782969112111 30.674583649815645
105.15656286958085275 30.67427129008802922
105.15957389961585022 30.6757012696978677
105.16112873030670016 30.67643964007737623
105.16448426993315479 30.67803303999284026
105.16508544963386385 30.67831850999129983
105.16501687992513325 30.6792719199631847
105.1648743598638589 30.68125353022628587
105.16484229993227473 30.68169919016554559
105.16462245975878886 30.68177017994992184
105.1633205903730186 30.68219056983895143
105.16274298010449684 30.68289137014068046
105.16136502987228596 30.68456316036161979
105.16103058998982078 30.68496891018708084
105.16105143987209658 30.68644890019663762
105.16105519004503321 30.68671496012734679
105.16107070964557124 30.6878163598371998
105.16149409967300699 30.68862391955826752
105.16551376974473442 30.6949847704308354
105.16550705990295 30.69511606965096462
105.16605802955450599 30.69513709040444382
105.16647473042451111 30.69516056001191373
105.16714103992711671 30.69519808962019169
105.16731643020915499 30.69523346984880163
105.16746106007991557 30.69537575968359988
105.1704098201571469 30.69993845029927115
105.17151807000300323 30.70165314987303873
105.16953259984967417 30.70600741990654114
105.16941595957894151 30.70615291042850004
105.16923342957915111 30.70631967980943955
105.16750433995338199 30.7076738996308336
105.16729369984443565 30.70783885957575876
105.16706971019902994 30.70801429032729857
105.16666516996167502 30.7082873496814841
105.16637029035666728 30.70844700992159915
105.16634593042039114 30.70846020027806844
105.16778621985821474 30.7100994098599358
105.1677878602216083 30.71056863023812866
105.16678206024391784 30.71236516002414874
105.16522913971306252 30.71325940000133414
105.16475424011616724 30.71415617966403033
105.16468980009426559 30.71524453021095269
105.16755179987569591 30.72467064023788907
105.18031156992304886 30.7240719804375999
105.18142749008666215 30.72498620964591964
105.18806762991727055 30.72857988975016497
105.1991608500932216 30.73437111993126791
105.20156873001292297 30.73335932956945271
105.20674863973800939 30.73064176000929137
105.2076282702285539 30.7294474297551119
105.21393415004104099 30.72852917967793474
105.21405808021626171 30.72857702001351754
105.21843338988907135 30.73026605023807178
105.21920784016975858 30.73067046007372483
105.21756950023228683 30.73220276004940388
105.2153283600158602 30.73263211977655374
105.21490145993448095 30.73253814961594799
105.2141867803956643 30.73238083031111501
105.2139106201790355 30.73280165996868618
105.21378627991293797 30.73299114982177116
105.21171759998730977 30.73614337971326904
105.21161893986226232 30.736707330179172
105.21235876984138713 30.73696888000984018
105.21433135990440633 30.73652464999264566
105.225527170242799 30.73384252990888399
105.226814639683937 30.73326294023257788
105.22776445956219504 30.73283535037114689
105.22917409021215462 30.73220073027954413
105.22981592016861896 30.73191177001223195
105.23796573033422419 30.72855494975118518
105.23828687014298566 30.72848497979805416
105.23887373983126281 30.72835709980034835
105.23967766988863559 30.72818193974478618
105.24039881015704623 30.7280248003043539
105.24054819024684093 30.72799225024220959
105.2407485798831317 30.72823929041095425
105.24178096022319551 30.72951196960178777
105.24190420961161863 30.72966390016893001
105.2418704301762773 30.73031065031631215
105.24179005956364108 30.73184944969239041
105.24155039023838754 30.73643769993992692
105.24159787983836623 30.73649580963393646
105.24824467015548635 30.74462905968340465
105.2531014103018947 30.74588555017805902
105.25651145963621502 30.7435246103725035
105.25683623000804801 30.74329975018338246
105.25812333972038459 30.74345884025331088
105.25913048958051377 30.74358331991430759
105.2595013699922788 30.74392850040004532
105.26578471998891473 30.74977582039787194
105.26619937040470631 30.75016166013256225
105.26849155973775396 30.75405927961213592
105.26856024995561256 30.7544897104318693
105.26648158036073255 30.76622633977382293
105.26210881037337685 30.77813306958552175
105.26193309004014509 30.7786807504163562
105.26158777015950818 30.77975696011566242
105.26110943964897615 30.78124768982905834
105.26105969005271845 30.78140274014441502
105.26335802984925749 30.78215863021665655
105.2635763897386596 30.78223044018272958
105.26450516008515024 30.78407174001881685
105.26489826004672068 30.78485106012834649
105.26504760955958773 30.78603111004775883
105.26589783042061299 30.79364606011762362
105.26592163007921954 30.79385917965748831
105.26568527025909816 30.7942767996346447
105.26523852034148376 30.79506614988298452
105.26417846966069192 30.79693906988222807
105.26126638033923655 30.8001352901115979
105.2612306098048407 30.80033733989637312
105.26079361033691839 30.80280610032133382
105.26032180980371322 30.80547132034519109
105.25946530987619099 30.81030932041886672
105.25946139962394454 30.81033140956697025
105.25847245024345966 30.81591696029954619
105.25751699970982145 30.82301154015050315
105.25741502018706797 30.8266404601891395
105.25732997040188366 30.82689456003595296
105.25731544994812339 30.82693794962671063
105.25699833010889961 30.82788536022127346
105.25692677015439358 30.82796488007522839
105.25102243044085526 30.83452507017591415
105.25081131998649653 30.83475959987566739
105.24930033034604548 30.83461968964701327
105.24920085993181829 30.83461047968995672
105.24888251971259479 30.83458099991327117
105.24813247973020225 30.83451154976825137
105.24657200039757754 30.83422408957011385
105.24616441955237178 30.83414900966909045
105.24587511034815179 30.83409571044870745
105.24533195040925193 30.83337934018447868
105.24490591007975127 30.83281744017278925
105.24447221022438725 30.83286783008634302
105.2418199800081311 30.83317592972542798
105.24141773034403968 30.83366107979503568
105.24137440010855471 30.83371334029845912
105.24070210022182437 30.83452417984705107
105.23070096997383871 30.84693431956327458
105.23060503029796564 30.84705335023198813
105.22939416960531389 30.85008713041679584
105.22884963999894126 30.85145139026951711
105.22611886029721973 30.85877254981335227
105.22605670994926186 30.85893942981090277
105.22577271034236901 30.85970194968530222
105.22562985033738414 30.86008555010812415
105.2255501901892103 30.86283730020130633
105.2255560195947055 30.86438650023683294
105.22555713025741397 30.86468297973578956
105.22684253035856727 30.86672632036345476
105.22683078970925408 30.86694507955184008
105.22676772025414493 30.86812027043418993
105.22667298027386096 30.86988536981402831
105.22652753022140359 30.8725952402781445
105.2264946698931567 30.87320753020338771
105.22634886011184108 30.87592385959851526
105.22622484989693703 30.87823387978977507
105.22621744038264069 30.87837197968315195
105.22608337035131854 30.87854362968482747
105.22484893033390563 30.88012403979263354
105.22424549963017171 30.88089656012817841
105.21865596040430546 30.88467055969863395
105.21520899030269902 30.88616541010566152
105.21399657018559992 30.88387738013705075
105.21355034996872746 30.88371720998128467
105.2126027604091405 30.88337707019570644
105.21100967975297635 30.88280522008489015
105.21062390027282163 30.8828829997506773
105.20248003012932259 30.88452476970240923
105.19996196976916281 30.8857179803006261
105.19913215992130517 30.88611118008697076
105.19726748040994835 30.88780822956618977
105.195454170173889 30.88945845044719363
105.19460520026984796 30.89090662963729983
105.19290922997703319 30.89404875024968078
105.19283343961160426 30.89427525979544953
105.19246189999677199 30.89538567970538452
105.19195420032616539 30.89690303025071216
105.19121684977784525 30.89982042017629738
105.19139717014337521 30.9003407903952052
105.19204595995313412 30.90064113967690673
105.19232039976668602 30.90063728967925272
105.19425251044503966 30.90061017961613743
105.19837009960048135 30.90214882970479948
105.20087922969275951 30.9040934904222695
105.20156435031458386 30.9046244600508544
105.20154465965839563 30.90589550967007426
105.20223616007081091 30.90665053009792018
105.20311693000235209 30.90735680996886003
105.20516542014809147 30.91179133010587066
105.20525390984010983 30.91303595044882968
105.20508541016363324 30.91362497041609458
105.2034967199977018 30.91502671041439498
105.2033564599327633 30.91515045982589527
105.19659126037839769 30.91807930981235586
105.19565063966535945 30.91829079978066375
105.19298143024889214 30.91866964998439471
105.19182138035250773 30.92260176026309182
105.19103915003682914 30.92525305968098337
105.19058881002564476 30.92980677955927149
105.19130864987437235 30.93106400030342229
105.19102693004884941 30.93179814027200791
105.18931095973306356 30.93626958027698493
105.18890774959305645 30.93706986987865548
105.18528565990533252 30.94425841989021819
105.18113072999926771 30.94814108993938362
105.17775624975121218 30.95058226995587347
105.17731868011304641 30.95104606022755434
105.17614126970391908 30.95229400986073642
105.17588634967535199 30.9525641895857575
105.17583160974106704 30.95270886981853664
105.17396831968227389 30.95763291972349407
105.17394036965237092 30.95773156006350746
105.17285211982954252 30.96157182977617595
105.17353091012347477 30.96292129038528174
105.17658578030955141 30.96570101029345778
105.17686475990080908 30.965765390060767
105.18065958956844952 30.96664105004447265
105.18099665007542853 30.96661544005058886
105.18307728019237857 30.96645736981179198
105.18322244965639811 30.96644633962694115
105.18601409007823122 30.96473206003656742
105.18629159028472486 30.96456165020003937
105.1882373104036219 30.96478080958672763
105.1882997296488611 30.96486265958412787
105.19176979973650532 30.96941225966810407
105.19197725984270164 30.96968423983582852
105.19197531011252522 30.96990592991477342
105.19189715003352603 30.97881619960799071
105.19188315028719671 30.98041278042552449
105.19188108004789228 30.98064879040941832
105.19128687009305168 30.98818534028129079
105.19113775979985803 30.99001252975449461
105.19104566022912195 30.99114099995722427
105.186587860241616 31.0003749500439767
105.1865759001577203 31.00040643980543109
105.18637433960412864 31.00093727003905997
105.18278348966634894 31.01039303970708261
105.18190465957246715 31.01417042972161653
105.18188199036160313 31.01426783978899948
105.18196161004033229 31.01433218987870077
105.18424898979907312 31.01618101973832609
105.18420235995102985 31.0165208195801938
105.1838824800924499 31.01885185962566993
105.18387053979364509 31.01893884025531634
105.18370221998151237 31.0192703699316894
105.17862117992359572 31.02927704000342146
105.17704292009472056 31.03238482989604563
105.17194062995616832 31.03515081985449342
105.17147491963191897 31.03540327034471602
105.17132814038143351 31.03653471010881049
105.17193292996080345 31.04651018000083695
105.17416328011137239 31.05161686962287604
105.17443073039396495 31.05181426991265425
105.17490429000105223 31.05216377973471253
105.1752735300494237 31.05243630039501568
105.17644568032392272 31.05286083975602196
105.17856428971026617 31.0536281404263832
105.18428865979387865 31.05519018997534886
105.18625763997818012 31.05751941968554775
105.19031954041452082 31.06232407019973607
105.19390354021624034 31.06782049002362101
105.19419027016488144 31.0682601802631666
105.19588318006475447 31.07391538978345125
105.19552470040463277 31.08213558988563818
105.19376897016189787 31.08392882995161699
105.19042775044039217 31.08734115996662695
105.19033043030515273 31.08785133996741479
105.19003033013569848 31.08942452042532523
105.19058795027376618 31.09154945024698691
105.19433464013161483 31.09791260967926974
105.19446400041334755 31.09813228977338895
105.19516335010860075 31.09822047009868129
105.19659815997715668 31.09840138041943192
105.19778671028848294 31.09855123984789316
105.20023444006739055 31.09739871008247292
105.20229282005766436 31.09739236986200694
105.20904769989147098 31.09917645033294775
105.20925060043492749 31.09923003014182541
105.21312268006766999 31.10287656969796899
105.21363338976919977 31.10460998955943523
105.21373823992786356 31.10496586028625643
105.21619433969709689 31.10701799988083849
105.22102906983576531 31.11064043041159266
105.22115570966832365 31.11059608034486246
105.22924799020262299 31.10776143973868102
105.23513958022749648 31.10636740962831936
105.24111317043650615 31.10563622033532738
105.24956674011303903 31.10435111970843991
105.25538225019073479 31.1026994203420486
105.25592307009367232 31.10271275009341707
105.26084738979528765 31.1028340002889081
105.26333170039771403 31.10342021976737215
105.26695854030447208 31.10427595976779003
105.27188048039988644 31.10549758984194568
105.27254612980010506 31.10746357978041488
105.27272311008351835 31.10798624956584035
105.27282295011912083 31.10828113007016782
105.27578007029404716 31.10903460006676369
105.27638610003856456 31.10918901006482429
105.27745692999337734 31.10850349014401672
105.27921806965827045 31.10737601009486752
105.27954574034367852 31.10708181037728082
105.28040382038005873 31.10631137017367109
105.28134419018226708 31.10546702008696229
105.28231567023203752 31.10419098012965833
105.28256443979711321 31.1038642195581474
105.28326063017402703 31.10371464971137812
105.28415327025726356 31.10352288007692323
105.28477416039925174 31.10338948004050508
105.29084207959834885 31.10487080014735284
105.29136263957423125 31.10499786985587889
105.2938046901343796 31.10772540030700384
105.29631086955106412 31.11081649968178908
105.29717803004211873 31.11212564008627623
105.29762384016817123 31.11279867022250301
105.29851750997517001 31.11414778009600468
105.29886563034460778 31.11467328994041281
105.29897631980139749 31.11484039027186554
105.3032006998524821 31.1122619701138774
105.31329130005349271 31.11585341989945164
105.32268126003219777 31.12023125037194404
105.32291685992521479 31.12128972993713205
105.32205470955727833 31.12305610005904555
105.32083247963527128 31.12427291965957465
105.31754445031617706 31.12565727036678709
105.31654360020706918 31.12925859021180486
105.31680905039740992 31.13056636004955635
105.31827203962296835 31.13404415981017337
105.32006231012758235 31.13802680029664316
105.32241060996176429 31.14120225967661781
105.32337906019552065 31.14200265000232548
105.32500206039685509 31.13988811994084926
105.32672049035841155 31.13469527976337758
105.32635453013750748 31.13297471031467012
105.32650533025685036 31.13217943982931502
105.33223607023853674 31.12983152040840196
105.33719638980159061 31.12830752027588233
105.34079726987818049 31.12786774999671024
105.345079970064603 31.12750404977214203
105.3455363301375769 31.12750912014985261
105.34577268995775512 31.12794248995402313
105.34480456977513541 31.13142665961271405
105.34094637027880026 31.13274796964316238
105.33915174975351192 31.13277659956048637
105.33881451028150877 31.13378279973647977
105.3386420895608353 31.13671237997243679
105.34022882999659032 31.14073758986791063
105.34103158014335122 31.14211687019746932
105.34609122982647023 31.15020830986566125
105.34892166969933669 31.15900681990888188
105.35094655983590428 31.16402415019445016
105.35347108991891218 31.1633843796854535
105.36140363017346999 31.16126495011741326
105.37707650038026941 31.15660762024555197
105.37889605011270078 31.15446764026944493